               FREQUENCIES                         
---------------unigrams with spaces---------------
 : 16.392
à: 6.452
á: 1.601
â: 3.846
ã: 1.465
ä: 2.584
å: 7.246
æ: 0.942
ç: 1.407
è: 5.755
é: 0.891
ê: 3.428
ë: 3.801
ì: 2.466
í: 5.110
î: 9.529
ï: 2.205
ð: 3.502
ñ: 4.261
ò: 5.160
ó: 2.551
ô: 0.090
õ: 0.813
ö: 0.271
÷: 1.481
ø: 0.813
ù: 0.253
û: 1.612
ü: 1.804
ý: 0.158
þ: 0.511
ÿ: 1.601
---------------unigrams no spaces---------------
à: 7.717
á: 1.915
â: 4.600
ã: 1.753
ä: 3.090
å: 8.667
æ: 1.127
ç: 1.682
è: 6.883
é: 1.066
ê: 4.101
ë: 4.546
ì: 2.949
í: 6.111
î: 11.397
ï: 2.637
ð: 4.189
ñ: 5.096
ò: 6.172
ó: 3.051
ô: 0.107
õ: 0.972
ö: 0.324
÷: 1.771
ø: 0.972
ù: 0.302
û: 1.929
ü: 2.158
ý: 0.189
þ: 0.611
ÿ: 1.915
---------------bigrams with spaces, intersection yes---------------
     à     á     â     ã     ä     å     æ     ç     è     é     ê     ë     ì     í     î     ï     ð     ñ     ò     ó     ô     õ     ö     ÷     ø     ù     û     ü     ý     þ     ÿ         
à  0.000 0.064 0.313 0.065 0.146 0.121 0.139 0.369 0.009 0.068 0.701 0.696 0.351 0.358 0.000 0.084 0.206 0.316 0.478 0.010 0.007 0.094 0.006 0.081 0.084 0.024 0.000 0.000 0.000 0.078 0.170 1.413 
á  0.121 0.000 0.005 0.001 0.005 0.223 0.001 0.000 0.061 0.000 0.014 0.078 0.003 0.031 0.191 0.000 0.151 0.015 0.002 0.150 0.000 0.006 0.001 0.001 0.002 0.012 0.437 0.015 0.000 0.001 0.050 0.025 
â  0.536 0.001 0.006 0.000 0.031 0.521 0.000 0.041 0.295 0.000 0.029 0.056 0.014 0.116 0.631 0.017 0.061 0.295 0.016 0.064 0.000 0.002 0.004 0.005 0.139 0.001 0.257 0.021 0.000 0.000 0.026 0.659 
ã  0.080 0.001 0.001 0.000 0.095 0.036 0.000 0.000 0.068 0.000 0.010 0.114 0.000 0.025 0.813 0.000 0.069 0.001 0.000 0.079 0.000 0.000 0.000 0.003 0.000 0.000 0.000 0.000 0.000 0.000 0.000 0.071 
ä  0.462 0.004 0.084 0.000 0.002 0.486 0.001 0.001 0.196 0.000 0.026 0.056 0.010 0.177 0.317 0.012 0.152 0.053 0.016 0.196 0.000 0.005 0.026 0.004 0.006 0.000 0.046 0.100 0.000 0.003 0.035 0.109 
å  0.003 0.147 0.191 0.289 0.304 0.105 0.074 0.114 0.013 0.209 0.139 0.617 0.399 0.655 0.025 0.098 0.547 0.458 0.514 0.008 0.001 0.074 0.055 0.098 0.081 0.081 0.000 0.000 0.000 0.021 0.014 1.914 
æ  0.089 0.008 0.000 0.000 0.069 0.406 0.001 0.000 0.144 0.000 0.016 0.002 0.002 0.097 0.010 0.000 0.000 0.002 0.000 0.020 0.000 0.000 0.000 0.003 0.000 0.000 0.000 0.005 0.000 0.000 0.000 0.068 
ç  0.505 0.021 0.098 0.025 0.093 0.042 0.015 0.001 0.030 0.000 0.011 0.017 0.016 0.169 0.058 0.000 0.012 0.004 0.002 0.030 0.000 0.000 0.001 0.004 0.001 0.000 0.036 0.025 0.000 0.001 0.060 0.130 
è  0.003 0.078 0.193 0.052 0.122 0.200 0.029 0.201 0.038 0.117 0.340 0.444 0.265 0.319 0.019 0.024 0.056 0.238 0.385 0.001 0.016 0.182 0.086 0.273 0.048 0.021 0.000 0.000 0.000 0.026 0.123 1.855 
é  0.000 0.001 0.000 0.000 0.013 0.000 0.000 0.000 0.000 0.000 0.026 0.003 0.010 0.031 0.000 0.000 0.000 0.050 0.024 0.000 0.000 0.000 0.003 0.005 0.019 0.000 0.000 0.000 0.000 0.000 0.000 0.707 
ê  0.855 0.000 0.018 0.000 0.001 0.070 0.005 0.000 0.342 0.000 0.001 0.054 0.000 0.058 1.040 0.000 0.143 0.009 0.043 0.233 0.000 0.000 0.001 0.000 0.001 0.000 0.000 0.000 0.000 0.000 0.000 0.555 
ë  0.438 0.003 0.002 0.015 0.004 0.353 0.029 0.000 0.624 0.000 0.042 0.009 0.001 0.020 0.623 0.002 0.000 0.132 0.007 0.137 0.001 0.000 0.000 0.007 0.000 0.001 0.057 0.404 0.000 0.090 0.139 0.660 
ì  0.212 0.003 0.000 0.002 0.000 0.376 0.000 0.000 0.297 0.000 0.009 0.019 0.003 0.125 0.263 0.004 0.003 0.011 0.000 0.214 0.001 0.000 0.002 0.002 0.000 0.001 0.079 0.006 0.000 0.000 0.045 0.789 
í  0.865 0.002 0.001 0.003 0.023 0.912 0.008 0.002 0.728 0.000 0.038 0.000 0.000 0.269 0.922 0.000 0.006 0.040 0.035 0.229 0.001 0.000 0.023 0.018 0.001 0.005 0.327 0.175 0.000 0.017 0.110 0.351 
î  0.000 0.387 0.872 0.450 0.498 0.207 0.189 0.158 0.072 0.312 0.199 0.541 0.511 0.451 0.019 0.124 0.592 0.599 0.622 0.010 0.008 0.049 0.006 0.191 0.106 0.016 0.000 0.000 0.003 0.075 0.053 2.209 
ï  0.099 0.000 0.000 0.000 0.000 0.187 0.000 0.000 0.102 0.000 0.015 0.059 0.000 0.010 0.912 0.002 0.675 0.001 0.006 0.062 0.000 0.000 0.005 0.006 0.002 0.002 0.020 0.006 0.000 0.000 0.029 0.005 
ð  0.645 0.010 0.026 0.012 0.031 0.572 0.023 0.004 0.487 0.000 0.029 0.010 0.016 0.072 0.711 0.010 0.001 0.028 0.080 0.278 0.004 0.018 0.002 0.007 0.040 0.002 0.134 0.055 0.000 0.017 0.100 0.077 
ñ  0.168 0.006 0.123 0.002 0.030 0.385 0.001 0.002 0.135 0.000 0.380 0.269 0.068 0.079 0.233 0.135 0.017 0.067 1.046 0.079 0.000 0.023 0.002 0.026 0.008 0.000 0.028 0.274 0.000 0.018 0.401 0.257 
ò  0.552 0.001 0.236 0.001 0.015 0.543 0.000 0.002 0.314 0.000 0.053 0.019 0.005 0.138 1.329 0.012 0.241 0.116 0.008 0.144 0.001 0.001 0.005 0.015 0.001 0.000 0.145 0.634 0.000 0.010 0.050 0.570 
ó  0.001 0.073 0.067 0.131 0.201 0.027 0.191 0.036 0.001 0.013 0.085 0.096 0.126 0.018 0.000 0.096 0.068 0.122 0.166 0.000 0.001 0.051 0.000 0.098 0.092 0.023 0.000 0.000 0.000 0.105 0.005 0.655 
ô  0.030 0.000 0.000 0.000 0.000 0.008 0.000 0.000 0.018 0.000 0.000 0.001 0.000 0.000 0.007 0.000 0.016 0.001 0.002 0.002 0.000 0.000 0.000 0.000 0.000 0.000 0.001 0.001 0.000 0.000 0.000 0.001 
õ  0.068 0.000 0.021 0.000 0.000 0.009 0.000 0.000 0.017 0.000 0.000 0.024 0.002 0.017 0.214 0.000 0.011 0.006 0.001 0.016 0.000 0.000 0.000 0.000 0.001 0.000 0.000 0.000 0.000 0.000 0.000 0.405 
ö  0.066 0.000 0.006 0.000 0.000 0.070 0.000 0.000 0.013 0.000 0.005 0.000 0.000 0.000 0.019 0.000 0.000 0.000 0.000 0.019 0.000 0.000 0.000 0.000 0.000 0.000 0.021 0.000 0.000 0.000 0.000 0.053 
÷  0.189 0.000 0.001 0.000 0.000 0.341 0.000 0.000 0.285 0.000 0.042 0.001 0.001 0.080 0.009 0.000 0.004 0.000 0.365 0.067 0.000 0.000 0.000 0.000 0.017 0.000 0.000 0.022 0.000 0.000 0.000 0.058 
ø  0.090 0.000 0.002 0.000 0.000 0.206 0.000 0.000 0.227 0.000 0.080 0.040 0.000 0.027 0.032 0.003 0.000 0.000 0.006 0.025 0.000 0.000 0.001 0.000 0.000 0.000 0.000 0.056 0.000 0.000 0.000 0.018 
ù  0.034 0.000 0.000 0.000 0.000 0.130 0.000 0.000 0.073 0.000 0.000 0.000 0.000 0.002 0.000 0.000 0.001 0.000 0.000 0.009 0.000 0.000 0.000 0.000 0.000 0.000 0.000 0.003 0.000 0.000 0.000 0.001 
û  0.000 0.014 0.086 0.015 0.011 0.127 0.002 0.004 0.002 0.148 0.027 0.241 0.121 0.018 0.000 0.019 0.034 0.064 0.062 0.001 0.000 0.103 0.000 0.011 0.044 0.003 0.000 0.000 0.000 0.000 0.000 0.456 
ü  0.000 0.009 0.001 0.008 0.005 0.098 0.000 0.020 0.005 0.000 0.137 0.000 0.031 0.113 0.001 0.000 0.000 0.117 0.018 0.000 0.000 0.000 0.011 0.004 0.040 0.001 0.000 0.000 0.000 0.031 0.073 1.079 
ý  0.000 0.000 0.000 0.000 0.004 0.000 0.000 0.000 0.000 0.000 0.006 0.001 0.002 0.000 0.000 0.001 0.000 0.001 0.141 0.000 0.000 0.001 0.000 0.000 0.000 0.000 0.000 0.000 0.000 0.000 0.000 0.000 
þ  0.000 0.028 0.000 0.001 0.032 0.000 0.003 0.000 0.000 0.000 0.002 0.001 0.003 0.004 0.000 0.000 0.009 0.013 0.037 0.000 0.001 0.004 0.000 0.011 0.015 0.030 0.000 0.000 0.000 0.003 0.000 0.314 
ÿ  0.000 0.003 0.028 0.007 0.048 0.008 0.014 0.027 0.015 0.020 0.043 0.054 0.044 0.071 0.000 0.004 0.008 0.041 0.165 0.000 0.000 0.023 0.002 0.020 0.001 0.015 0.000 0.000 0.000 0.008 0.006 0.927 
   0.341 0.736 1.465 0.386 0.802 0.477 0.218 0.424 1.147 0.005 0.920 0.279 0.463 1.559 1.132 1.557 0.418 1.461 0.914 0.467 0.047 0.176 0.028 0.587 0.064 0.017 0.024 0.002 0.154 0.007 0.113 0.000 
---------------bigrams no spaces, intersection yes---------------
     à     á     â     ã     ä     å     æ     ç     è     é     ê     ë     ì     í     î     ï     ð     ñ     ò     ó     ô     õ     ö     ÷     ø     ù     û     ü     ý     þ     ÿ         
à  0.041 0.145 0.530 0.114 0.256 0.199 0.180 0.477 0.134 0.082 0.945 0.864 0.465 0.590 0.112 0.251 0.287 0.530 0.664 0.063 0.014 0.133 0.010 0.152 0.109 0.031 0.003 0.000 0.024 0.095 0.218 0.000 
á  0.146 0.001 0.009 0.001 0.007 0.267 0.002 0.001 0.075 0.000 0.018 0.093 0.004 0.040 0.231 0.001 0.181 0.020 0.004 0.181 0.000 0.007 0.001 0.001 0.002 0.015 0.522 0.018 0.006 0.001 0.060 0.000 
â  0.659 0.023 0.044 0.042 0.084 0.643 0.006 0.065 0.395 0.000 0.100 0.083 0.031 0.199 0.808 0.094 0.109 0.438 0.078 0.096 0.002 0.012 0.007 0.024 0.172 0.002 0.310 0.026 0.014 0.001 0.035 0.000 
ã  0.097 0.004 0.011 0.002 0.121 0.045 0.000 0.006 0.085 0.000 0.016 0.137 0.001 0.036 0.978 0.011 0.085 0.010 0.003 0.096 0.000 0.000 0.000 0.006 0.001 0.000 0.000 0.000 0.000 0.000 0.000 0.000 
ä  0.555 0.008 0.108 0.006 0.009 0.585 0.002 0.008 0.246 0.000 0.040 0.070 0.015 0.230 0.387 0.021 0.186 0.076 0.025 0.237 0.000 0.008 0.031 0.007 0.008 0.000 0.055 0.119 0.001 0.003 0.042 0.000 
å  0.040 0.297 0.434 0.396 0.490 0.171 0.110 0.214 0.153 0.250 0.273 0.783 0.571 0.977 0.166 0.368 0.712 0.761 0.738 0.077 0.008 0.121 0.071 0.195 0.102 0.099 0.003 0.000 0.023 0.026 0.031 0.000 
æ  0.107 0.013 0.007 0.001 0.088 0.487 0.001 0.003 0.178 0.000 0.023 0.002 0.006 0.129 0.018 0.006 0.001 0.007 0.009 0.026 0.000 0.001 0.000 0.005 0.000 0.000 0.000 0.006 0.002 0.000 0.002 0.000 
ç  0.606 0.031 0.131 0.036 0.118 0.052 0.019 0.011 0.040 0.000 0.029 0.021 0.023 0.215 0.079 0.017 0.019 0.016 0.012 0.041 0.001 0.001 0.001 0.010 0.002 0.000 0.044 0.030 0.004 0.001 0.073 0.000 
è  0.044 0.197 0.452 0.115 0.265 0.300 0.055 0.299 0.178 0.141 0.537 0.568 0.373 0.592 0.173 0.275 0.125 0.483 0.571 0.062 0.026 0.243 0.107 0.392 0.070 0.027 0.003 0.000 0.015 0.032 0.157 0.000 
é  0.022 0.036 0.056 0.024 0.064 0.020 0.013 0.018 0.060 0.000 0.091 0.020 0.043 0.110 0.044 0.076 0.031 0.146 0.066 0.025 0.004 0.010 0.006 0.042 0.028 0.001 0.001 0.000 0.004 0.001 0.006 0.000 
ê  1.036 0.047 0.079 0.015 0.026 0.096 0.022 0.015 0.456 0.000 0.036 0.076 0.016 0.143 1.282 0.052 0.183 0.073 0.093 0.299 0.001 0.005 0.003 0.031 0.003 0.001 0.001 0.000 0.005 0.000 0.006 0.000 
ë  0.545 0.033 0.083 0.038 0.027 0.471 0.038 0.015 0.831 0.001 0.086 0.028 0.011 0.085 0.856 0.061 0.013 0.213 0.041 0.182 0.003 0.006 0.000 0.043 0.003 0.002 0.068 0.483 0.004 0.108 0.169 0.000 
ì  0.273 0.037 0.079 0.027 0.055 0.472 0.015 0.021 0.434 0.000 0.057 0.038 0.031 0.231 0.393 0.095 0.030 0.097 0.042 0.281 0.004 0.012 0.003 0.046 0.005 0.002 0.097 0.007 0.006 0.000 0.060 0.000 
í  1.042 0.029 0.036 0.012 0.042 1.105 0.010 0.014 0.905 0.000 0.061 0.004 0.012 0.366 1.136 0.043 0.019 0.090 0.061 0.292 0.002 0.006 0.028 0.032 0.002 0.006 0.391 0.209 0.003 0.020 0.133 0.000 
î  0.032 0.608 1.313 0.591 0.715 0.323 0.297 0.266 0.226 0.373 0.354 0.689 0.685 0.814 0.197 0.393 0.776 0.955 0.897 0.087 0.018 0.086 0.012 0.335 0.133 0.021 0.003 0.000 0.024 0.090 0.083 0.000 
ï  0.118 0.000 0.001 0.000 0.001 0.223 0.000 0.000 0.124 0.000 0.018 0.071 0.000 0.012 1.091 0.003 0.808 0.002 0.007 0.074 0.000 0.000 0.006 0.007 0.002 0.003 0.024 0.007 0.000 0.000 0.035 0.000 
ð  0.775 0.015 0.037 0.016 0.041 0.692 0.028 0.008 0.592 0.000 0.041 0.013 0.020 0.093 0.860 0.020 0.004 0.041 0.101 0.336 0.005 0.022 0.003 0.011 0.048 0.003 0.161 0.065 0.000 0.021 0.120 0.000 
ñ  0.206 0.020 0.168 0.009 0.050 0.467 0.005 0.008 0.172 0.000 0.480 0.329 0.090 0.131 0.297 0.191 0.028 0.105 1.280 0.107 0.002 0.031 0.004 0.037 0.011 0.001 0.034 0.328 0.003 0.022 0.482 0.000 
ò  0.680 0.035 0.343 0.016 0.046 0.671 0.023 0.019 0.420 0.000 0.100 0.034 0.024 0.227 1.635 0.067 0.303 0.189 0.054 0.196 0.004 0.008 0.006 0.046 0.003 0.001 0.175 0.759 0.008 0.012 0.067 0.000 
ó  0.022 0.112 0.141 0.170 0.275 0.052 0.243 0.057 0.065 0.017 0.149 0.123 0.175 0.120 0.050 0.182 0.096 0.217 0.250 0.017 0.005 0.068 0.001 0.161 0.114 0.028 0.002 0.001 0.006 0.126 0.010 0.000 
ô  0.035 0.000 0.000 0.000 0.000 0.010 0.000 0.000 0.022 0.000 0.000 0.002 0.000 0.000 0.008 0.000 0.020 0.001 0.002 0.003 0.000 0.000 0.000 0.000 0.000 0.000 0.001 0.002 0.000 0.000 0.001 0.000 
õ  0.093 0.020 0.060 0.015 0.031 0.021 0.005 0.013 0.059 0.000 0.026 0.044 0.020 0.059 0.287 0.054 0.025 0.051 0.024 0.034 0.001 0.004 0.002 0.014 0.005 0.001 0.001 0.000 0.002 0.001 0.001 0.000 
ö  0.080 0.003 0.013 0.001 0.003 0.085 0.000 0.002 0.022 0.000 0.009 0.001 0.003 0.005 0.027 0.008 0.002 0.006 0.003 0.023 0.000 0.000 0.000 0.001 0.000 0.000 0.025 0.000 0.000 0.000 0.000 0.000 
÷  0.230 0.002 0.005 0.002 0.002 0.412 0.000 0.002 0.348 0.000 0.054 0.003 0.002 0.101 0.017 0.006 0.006 0.007 0.440 0.083 0.000 0.001 0.000 0.003 0.020 0.000 0.000 0.027 0.000 0.000 0.001 0.000 
ø  0.110 0.001 0.004 0.001 0.001 0.246 0.000 0.000 0.274 0.000 0.097 0.048 0.001 0.033 0.040 0.007 0.001 0.001 0.008 0.031 0.000 0.000 0.001 0.000 0.000 0.000 0.000 0.067 0.000 0.000 0.000 0.000 
ù  0.040 0.000 0.000 0.000 0.000 0.156 0.000 0.000 0.088 0.000 0.000 0.000 0.000 0.002 0.000 0.000 0.001 0.000 0.000 0.010 0.000 0.000 0.000 0.000 0.000 0.000 0.000 0.004 0.000 0.000 0.000 0.000 
û  0.011 0.044 0.147 0.028 0.040 0.169 0.007 0.021 0.056 0.177 0.061 0.295 0.164 0.082 0.036 0.075 0.051 0.121 0.107 0.017 0.001 0.130 0.001 0.024 0.054 0.003 0.001 0.000 0.005 0.000 0.004 0.000 
ü  0.032 0.058 0.134 0.034 0.060 0.172 0.009 0.051 0.105 0.000 0.243 0.021 0.070 0.254 0.087 0.111 0.031 0.247 0.099 0.036 0.004 0.014 0.014 0.060 0.051 0.002 0.003 0.000 0.018 0.038 0.102 0.000 
ý  0.000 0.000 0.000 0.000 0.005 0.000 0.000 0.000 0.000 0.000 0.008 0.001 0.002 0.000 0.000 0.002 0.000 0.001 0.169 0.000 0.000 0.001 0.000 0.000 0.000 0.000 0.000 0.000 0.000 0.000 0.000 0.000 
þ  0.012 0.046 0.026 0.011 0.059 0.008 0.011 0.009 0.029 0.000 0.029 0.006 0.015 0.035 0.026 0.037 0.024 0.047 0.067 0.008 0.003 0.008 0.002 0.028 0.021 0.037 0.001 0.000 0.002 0.004 0.002 0.000 
ÿ  0.027 0.051 0.148 0.031 0.111 0.041 0.027 0.059 0.107 0.024 0.121 0.081 0.077 0.202 0.075 0.111 0.031 0.145 0.258 0.030 0.002 0.035 0.005 0.060 0.005 0.019 0.002 0.000 0.008 0.010 0.013 0.000 
   0.000 0.000 0.000 0.000 0.000 0.000 0.000 0.000 0.000 0.000 0.000 0.000 0.000 0.000 0.000 0.000 0.000 0.000 0.000 0.000 0.000 0.000 0.000 0.000 0.000 0.000 0.000 0.000 0.000 0.000 0.000 0.000 
---------------bigrams with spaces, intersection no---------------
     à     á     â     ã     ä     å     æ     ç     è     é     ê     ë     ì     í     î     ï     ð     ñ     ò     ó     ô     õ     ö     ÷     ø     ù     û     ü     ý     þ     ÿ         
à  0.000 0.128 0.625 0.131 0.291 0.243 0.277 0.739 0.018 0.136 1.402 1.392 0.702 0.717 0.001 0.167 0.413 0.632 0.956 0.019 0.014 0.188 0.011 0.163 0.169 0.047 0.000 0.000 0.000 0.157 0.340 2.826 
á  0.243 0.000 0.009 0.001 0.009 0.445 0.003 0.001 0.121 0.000 0.028 0.155 0.006 0.063 0.382 0.000 0.302 0.031 0.004 0.300 0.000 0.011 0.002 0.002 0.003 0.024 0.873 0.030 0.000 0.002 0.100 0.051 
â  1.072 0.000 0.013 0.001 0.062 1.043 0.000 0.082 0.590 0.000 0.058 0.112 0.028 0.232 1.261 0.035 0.123 0.590 0.032 0.129 0.000 0.005 0.008 0.011 0.278 0.001 0.513 0.043 0.000 0.000 0.052 1.317 
ã  0.160 0.001 0.003 0.000 0.191 0.072 0.000 0.000 0.135 0.000 0.019 0.228 0.000 0.050 1.625 0.000 0.138 0.001 0.000 0.158 0.000 0.000 0.000 0.005 0.001 0.000 0.000 0.000 0.000 0.000 0.000 0.143 
ä  0.924 0.008 0.167 0.001 0.004 0.972 0.001 0.002 0.392 0.000 0.053 0.112 0.020 0.355 0.635 0.024 0.304 0.107 0.031 0.391 0.000 0.011 0.051 0.007 0.013 0.000 0.091 0.199 0.000 0.005 0.069 0.217 
å  0.006 0.293 0.382 0.577 0.609 0.210 0.149 0.228 0.025 0.417 0.278 1.233 0.797 1.309 0.049 0.196 1.095 0.917 1.028 0.017 0.001 0.147 0.111 0.196 0.161 0.162 0.000 0.000 0.000 0.042 0.029 3.828 
æ  0.178 0.016 0.000 0.000 0.138 0.811 0.002 0.000 0.288 0.000 0.033 0.003 0.004 0.195 0.021 0.000 0.000 0.005 0.000 0.040 0.000 0.000 0.000 0.006 0.000 0.000 0.000 0.010 0.000 0.000 0.000 0.135 
ç  1.011 0.043 0.197 0.051 0.185 0.084 0.030 0.002 0.059 0.000 0.022 0.033 0.031 0.337 0.116 0.000 0.023 0.009 0.004 0.060 0.000 0.000 0.002 0.008 0.002 0.000 0.073 0.050 0.000 0.001 0.121 0.260 
è  0.006 0.157 0.386 0.105 0.245 0.399 0.058 0.401 0.076 0.235 0.681 0.889 0.530 0.639 0.038 0.047 0.112 0.476 0.770 0.002 0.031 0.364 0.173 0.546 0.097 0.041 0.000 0.000 0.000 0.052 0.245 3.711 
é  0.000 0.002 0.000 0.000 0.026 0.000 0.000 0.000 0.000 0.000 0.052 0.007 0.020 0.061 0.000 0.000 0.000 0.099 0.049 0.000 0.000 0.000 0.005 0.009 0.038 0.000 0.000 0.000 0.000 0.000 0.000 1.414 
ê  1.710 0.000 0.035 0.000 0.001 0.140 0.010 0.000 0.683 0.000 0.002 0.108 0.000 0.117 2.080 0.000 0.285 0.018 0.086 0.467 0.000 0.000 0.003 0.000 0.001 0.000 0.000 0.000 0.000 0.000 0.000 1.111 
ë  0.876 0.006 0.005 0.029 0.007 0.707 0.057 0.001 1.248 0.000 0.083 0.019 0.001 0.040 1.247 0.004 0.000 0.264 0.014 0.274 0.003 0.000 0.001 0.014 0.000 0.002 0.114 0.808 0.000 0.181 0.277 1.321 
ì  0.424 0.006 0.000 0.004 0.000 0.752 0.000 0.001 0.593 0.000 0.019 0.038 0.006 0.250 0.526 0.008 0.006 0.021 0.000 0.428 0.001 0.000 0.004 0.004 0.001 0.002 0.159 0.012 0.000 0.000 0.090 1.578 
í  1.730 0.004 0.002 0.006 0.046 1.824 0.015 0.004 1.456 0.000 0.076 0.001 0.000 0.538 1.844 0.000 0.012 0.079 0.070 0.459 0.003 0.000 0.046 0.036 0.001 0.010 0.653 0.350 0.000 0.034 0.219 0.701 
î  0.001 0.774 1.744 0.899 0.997 0.415 0.379 0.316 0.144 0.623 0.398 1.082 1.022 0.902 0.038 0.247 1.183 1.198 1.243 0.019 0.017 0.099 0.012 0.383 0.213 0.031 0.000 0.000 0.007 0.149 0.106 4.417 
ï  0.198 0.000 0.000 0.000 0.000 0.373 0.000 0.000 0.204 0.000 0.031 0.118 0.000 0.020 1.824 0.004 1.351 0.002 0.011 0.125 0.000 0.000 0.010 0.011 0.003 0.004 0.040 0.012 0.000 0.000 0.058 0.010 
ð  1.291 0.021 0.051 0.023 0.062 1.144 0.046 0.008 0.974 0.000 0.059 0.020 0.032 0.145 1.423 0.020 0.003 0.055 0.160 0.556 0.008 0.035 0.005 0.014 0.081 0.004 0.269 0.109 0.000 0.034 0.200 0.154 
ñ  0.336 0.011 0.246 0.004 0.059 0.770 0.001 0.003 0.270 0.000 0.761 0.537 0.135 0.158 0.466 0.269 0.034 0.134 2.093 0.159 0.000 0.047 0.005 0.051 0.015 0.000 0.056 0.548 0.000 0.036 0.801 0.514 
ò  1.105 0.003 0.471 0.002 0.029 1.085 0.000 0.005 0.628 0.000 0.106 0.037 0.010 0.276 2.658 0.023 0.482 0.232 0.016 0.289 0.002 0.003 0.009 0.029 0.002 0.000 0.291 1.268 0.000 0.020 0.099 1.140 
ó  0.003 0.147 0.135 0.262 0.403 0.054 0.382 0.071 0.001 0.027 0.171 0.193 0.253 0.036 0.000 0.192 0.136 0.245 0.331 0.000 0.003 0.101 0.001 0.197 0.185 0.046 0.000 0.000 0.001 0.210 0.009 1.310 
ô  0.059 0.000 0.000 0.000 0.000 0.016 0.000 0.000 0.037 0.000 0.000 0.003 0.001 0.000 0.013 0.000 0.033 0.001 0.003 0.005 0.000 0.000 0.000 0.000 0.000 0.000 0.002 0.003 0.000 0.000 0.001 0.003 
õ  0.135 0.000 0.043 0.000 0.000 0.018 0.000 0.000 0.033 0.000 0.000 0.048 0.004 0.035 0.427 0.000 0.021 0.012 0.002 0.032 0.000 0.000 0.000 0.000 0.002 0.000 0.000 0.000 0.000 0.000 0.000 0.811 
ö  0.131 0.000 0.012 0.000 0.000 0.140 0.000 0.000 0.026 0.000 0.010 0.000 0.000 0.000 0.038 0.000 0.000 0.000 0.000 0.037 0.000 0.000 0.000 0.000 0.000 0.000 0.042 0.000 0.000 0.000 0.000 0.106 
÷  0.377 0.000 0.001 0.000 0.000 0.682 0.000 0.000 0.570 0.000 0.084 0.003 0.001 0.159 0.018 0.000 0.008 0.000 0.730 0.134 0.000 0.000 0.000 0.000 0.033 0.000 0.000 0.044 0.000 0.000 0.000 0.116 
ø  0.181 0.000 0.005 0.000 0.000 0.411 0.000 0.000 0.454 0.000 0.159 0.080 0.001 0.054 0.064 0.006 0.000 0.000 0.011 0.049 0.000 0.000 0.001 0.000 0.000 0.000 0.000 0.112 0.000 0.000 0.000 0.036 
ù  0.067 0.000 0.000 0.000 0.000 0.260 0.000 0.000 0.146 0.000 0.000 0.000 0.000 0.003 0.000 0.000 0.002 0.000 0.000 0.018 0.000 0.000 0.000 0.000 0.000 0.000 0.000 0.006 0.000 0.000 0.000 0.003 
û  0.000 0.029 0.171 0.029 0.021 0.255 0.004 0.008 0.005 0.295 0.055 0.482 0.242 0.036 0.000 0.039 0.068 0.128 0.125 0.002 0.000 0.205 0.001 0.022 0.088 0.005 0.000 0.000 0.000 0.000 0.000 0.912 
ü  0.000 0.018 0.002 0.016 0.010 0.197 0.001 0.040 0.009 0.000 0.275 0.000 0.062 0.227 0.002 0.000 0.000 0.234 0.036 0.000 0.000 0.001 0.022 0.008 0.080 0.001 0.000 0.000 0.000 0.062 0.146 2.158 
ý  0.000 0.000 0.000 0.000 0.009 0.000 0.000 0.000 0.000 0.000 0.013 0.001 0.004 0.000 0.000 0.003 0.000 0.001 0.282 0.000 0.001 0.001 0.000 0.000 0.000 0.000 0.000 0.000 0.000 0.000 0.000 0.001 
þ  0.000 0.057 0.000 0.002 0.064 0.001 0.005 0.000 0.000 0.000 0.005 0.002 0.005 0.008 0.000 0.000 0.019 0.025 0.074 0.000 0.002 0.008 0.000 0.022 0.030 0.060 0.000 0.000 0.000 0.006 0.000 0.627 
ÿ  0.000 0.006 0.056 0.015 0.096 0.016 0.028 0.053 0.029 0.040 0.086 0.108 0.088 0.142 0.000 0.009 0.015 0.082 0.329 0.000 0.000 0.046 0.004 0.041 0.001 0.030 0.000 0.000 0.000 0.016 0.013 1.853 
   0.682 1.472 2.931 0.772 1.603 0.954 0.437 0.849 2.294 0.010 1.841 0.559 0.926 3.118 2.263 3.115 0.835 2.921 1.829 0.934 0.094 0.352 0.055 1.175 0.128 0.034 0.049 0.004 0.307 0.014 0.227 0.000 
---------------bigrams no spaces, intersection no---------------
     à     á     â     ã     ä     å     æ     ç     è     é     ê     ë     ì     í     î     ï     ð     ñ     ò     ó     ô     õ     ö     ÷     ø     ù     û     ü     ý     þ     ÿ         
à  0.081 0.290 1.060 0.228 0.511 0.399 0.359 0.953 0.268 0.164 1.889 1.728 0.930 1.180 0.225 0.501 0.574 1.060 1.328 0.126 0.028 0.266 0.020 0.303 0.218 0.062 0.006 0.000 0.049 0.190 0.436 0.000 
á  0.292 0.001 0.017 0.002 0.013 0.535 0.004 0.003 0.150 0.000 0.035 0.187 0.008 0.079 0.463 0.003 0.363 0.040 0.007 0.361 0.000 0.014 0.003 0.002 0.004 0.029 1.045 0.036 0.012 0.002 0.121 0.000 
â  1.318 0.046 0.089 0.083 0.168 1.286 0.011 0.130 0.790 0.001 0.200 0.165 0.062 0.398 1.616 0.187 0.218 0.877 0.157 0.192 0.003 0.024 0.014 0.047 0.343 0.003 0.619 0.051 0.029 0.001 0.070 0.000 
ã  0.194 0.009 0.023 0.003 0.243 0.091 0.000 0.011 0.170 0.000 0.032 0.273 0.002 0.073 1.955 0.022 0.170 0.021 0.006 0.191 0.000 0.000 0.000 0.011 0.001 0.000 0.000 0.000 0.000 0.000 0.001 0.000 
ä  1.110 0.016 0.216 0.013 0.019 1.169 0.003 0.016 0.492 0.000 0.080 0.140 0.029 0.459 0.775 0.043 0.373 0.152 0.051 0.475 0.000 0.015 0.062 0.014 0.017 0.000 0.110 0.239 0.002 0.006 0.083 0.000 
å  0.080 0.595 0.868 0.792 0.981 0.342 0.220 0.427 0.306 0.500 0.546 1.566 1.143 1.954 0.332 0.735 1.424 1.523 1.476 0.154 0.016 0.242 0.142 0.390 0.204 0.199 0.006 0.000 0.046 0.051 0.063 0.000 
æ  0.214 0.025 0.014 0.001 0.176 0.975 0.002 0.006 0.356 0.000 0.045 0.004 0.011 0.258 0.035 0.013 0.002 0.015 0.018 0.051 0.001 0.002 0.000 0.009 0.000 0.000 0.000 0.012 0.004 0.000 0.004 0.000 
ç  1.211 0.061 0.262 0.073 0.236 0.104 0.037 0.022 0.080 0.000 0.058 0.043 0.045 0.431 0.158 0.034 0.038 0.032 0.024 0.082 0.002 0.000 0.003 0.020 0.003 0.000 0.087 0.059 0.008 0.001 0.146 0.000 
è  0.087 0.393 0.905 0.230 0.530 0.600 0.109 0.598 0.356 0.282 1.075 1.136 0.746 1.184 0.347 0.550 0.250 0.967 1.142 0.125 0.051 0.486 0.214 0.783 0.140 0.054 0.007 0.000 0.030 0.064 0.314 0.000 
é  0.045 0.072 0.111 0.049 0.127 0.040 0.027 0.037 0.119 0.000 0.182 0.040 0.086 0.220 0.087 0.151 0.061 0.292 0.132 0.050 0.007 0.020 0.012 0.083 0.056 0.002 0.001 0.000 0.008 0.001 0.012 0.000 
ê  2.071 0.094 0.158 0.031 0.051 0.193 0.045 0.030 0.913 0.000 0.072 0.151 0.033 0.286 2.564 0.104 0.366 0.145 0.185 0.598 0.000 0.011 0.005 0.062 0.005 0.001 0.002 0.000 0.009 0.001 0.012 0.000 
ë  1.090 0.066 0.165 0.076 0.054 0.943 0.075 0.030 1.662 0.001 0.171 0.055 0.022 0.170 1.711 0.122 0.027 0.425 0.081 0.365 0.005 0.012 0.001 0.086 0.005 0.004 0.137 0.967 0.008 0.217 0.338 0.000 
ì  0.546 0.075 0.157 0.054 0.109 0.944 0.031 0.043 0.868 0.000 0.113 0.076 0.061 0.461 0.787 0.190 0.060 0.194 0.084 0.561 0.007 0.024 0.006 0.093 0.010 0.004 0.193 0.015 0.011 0.000 0.120 0.000 
í  2.084 0.057 0.072 0.024 0.084 2.209 0.021 0.028 1.810 0.000 0.122 0.007 0.024 0.732 2.273 0.086 0.038 0.180 0.123 0.583 0.004 0.011 0.055 0.065 0.004 0.012 0.782 0.418 0.005 0.040 0.266 0.000 
î  0.065 1.217 2.627 1.182 1.430 0.647 0.593 0.532 0.453 0.746 0.708 1.379 1.369 1.627 0.393 0.785 1.553 1.910 1.794 0.174 0.035 0.172 0.024 0.670 0.267 0.042 0.005 0.000 0.049 0.180 0.167 0.000 
ï  0.237 0.000 0.002 0.000 0.002 0.447 0.000 0.000 0.247 0.000 0.036 0.142 0.000 0.025 2.182 0.006 1.616 0.003 0.014 0.149 0.000 0.000 0.012 0.014 0.004 0.005 0.048 0.014 0.000 0.000 0.069 0.000 
ð  1.550 0.029 0.073 0.031 0.081 1.383 0.055 0.016 1.183 0.000 0.082 0.026 0.041 0.185 1.720 0.041 0.007 0.083 0.202 0.672 0.010 0.043 0.006 0.022 0.097 0.005 0.322 0.130 0.000 0.041 0.241 0.000 
ñ  0.412 0.040 0.336 0.019 0.099 0.934 0.011 0.016 0.344 0.000 0.959 0.658 0.179 0.262 0.595 0.382 0.056 0.210 2.560 0.213 0.004 0.061 0.008 0.075 0.022 0.001 0.068 0.655 0.005 0.044 0.963 0.000 
ò  1.360 0.070 0.686 0.032 0.093 1.341 0.047 0.038 0.841 0.000 0.200 0.067 0.049 0.453 3.269 0.134 0.606 0.378 0.108 0.393 0.007 0.017 0.012 0.091 0.007 0.002 0.350 1.517 0.016 0.025 0.134 0.000 
ó  0.044 0.223 0.282 0.340 0.550 0.105 0.485 0.115 0.129 0.033 0.297 0.246 0.350 0.239 0.100 0.363 0.193 0.433 0.499 0.034 0.009 0.135 0.002 0.322 0.227 0.056 0.003 0.002 0.013 0.252 0.021 0.000 
ô  0.071 0.000 0.001 0.000 0.000 0.020 0.000 0.000 0.044 0.000 0.000 0.004 0.001 0.000 0.016 0.000 0.039 0.002 0.004 0.005 0.000 0.000 0.000 0.001 0.000 0.000 0.002 0.003 0.000 0.000 0.001 0.000 
õ  0.185 0.041 0.121 0.029 0.061 0.043 0.009 0.026 0.118 0.000 0.052 0.089 0.041 0.117 0.573 0.109 0.051 0.103 0.048 0.069 0.002 0.008 0.003 0.028 0.009 0.001 0.001 0.000 0.005 0.001 0.003 0.000 
ö  0.160 0.005 0.026 0.003 0.005 0.170 0.000 0.005 0.045 0.000 0.019 0.002 0.005 0.010 0.055 0.016 0.004 0.011 0.006 0.047 0.000 0.001 0.000 0.002 0.000 0.000 0.051 0.000 0.001 0.000 0.000 0.000 
÷  0.460 0.003 0.010 0.004 0.003 0.824 0.000 0.003 0.695 0.000 0.107 0.005 0.004 0.201 0.034 0.011 0.013 0.014 0.880 0.165 0.000 0.002 0.000 0.005 0.040 0.000 0.001 0.053 0.000 0.000 0.003 0.000 
ø  0.220 0.003 0.007 0.001 0.002 0.492 0.001 0.000 0.548 0.000 0.195 0.096 0.002 0.067 0.080 0.013 0.001 0.002 0.015 0.061 0.000 0.001 0.001 0.001 0.000 0.000 0.000 0.134 0.000 0.000 0.000 0.000 
ù  0.080 0.000 0.000 0.000 0.000 0.311 0.000 0.000 0.176 0.000 0.000 0.000 0.000 0.004 0.000 0.000 0.002 0.000 0.000 0.021 0.000 0.000 0.000 0.000 0.000 0.000 0.000 0.008 0.000 0.000 0.000 0.000 
û  0.022 0.088 0.293 0.055 0.079 0.338 0.013 0.042 0.111 0.354 0.122 0.590 0.327 0.165 0.072 0.150 0.102 0.241 0.215 0.034 0.001 0.260 0.000 0.049 0.108 0.006 0.001 0.000 0.010 0.000 0.008 0.000 
ü  0.065 0.116 0.269 0.067 0.120 0.343 0.018 0.101 0.210 0.000 0.486 0.042 0.141 0.508 0.175 0.222 0.061 0.494 0.199 0.072 0.008 0.028 0.028 0.120 0.102 0.003 0.005 0.000 0.035 0.075 0.203 0.000 
ý  0.000 0.000 0.000 0.000 0.010 0.000 0.000 0.000 0.000 0.000 0.016 0.001 0.004 0.000 0.000 0.003 0.000 0.001 0.337 0.000 0.001 0.002 0.000 0.000 0.000 0.000 0.000 0.000 0.000 0.000 0.000 0.000 
þ  0.024 0.092 0.053 0.022 0.117 0.016 0.022 0.019 0.057 0.000 0.057 0.012 0.030 0.070 0.052 0.075 0.048 0.093 0.134 0.017 0.005 0.016 0.005 0.056 0.041 0.073 0.001 0.000 0.003 0.008 0.004 0.000 
ÿ  0.053 0.102 0.296 0.062 0.222 0.082 0.055 0.118 0.214 0.048 0.243 0.162 0.154 0.403 0.149 0.222 0.062 0.290 0.516 0.059 0.004 0.070 0.010 0.120 0.010 0.037 0.004 0.000 0.016 0.021 0.025 0.000 
   0.000 0.000 0.000 0.000 0.000 0.000 0.000 0.000 0.000 0.000 0.000 0.000 0.000 0.000 0.000 0.000 0.000 0.000 0.000 0.000 0.000 0.000 0.000 0.000 0.000 0.000 0.000 0.000 0.000 0.000 0.000 0.000 
                                         ENTROPY                         
Unigrams with spaces:                                    4.3737689954542365
Unigrams no spaces:                                      4.461483057248793
Bigrams with spaces, intersection yes:                   3.9618428663466694
Bigrams no spaces, intersection yes:                     4.133568109737732
Bigrams with spaces, intersection no:                    6.922967159095554
Bigrams no spaces, intersection no:                      7.266265274569733
                                         REDUNDANCY                         
Unigrams with spaces:                                    0.12524620090915273
Unigrams no spaces:                                      0.09945372009281683
Bigrams with spaces, intersection yes:                   0.20763142673066615
Bigrams no spaces, intersection yes:                     0.1656430527245416
Bigrams with spaces, intersection no:                    -0.3845934318191109
Bigrams no spaces, intersection no:                      -0.4666890085351316
